5.000000e-01          287          
470          3.212945e+02          
4.700397e+02          321          
4.701404e+02          320          
4.702069e+02          319          
4.702399e+02          318          
4.702399e+02          317          
4.702069e+02          316          
4.701404e+02          315          
4.700397e+02          314          
470          3.137055e+02          
4.699058e+02          313          
4.697365e+02          312          
4.695289e+02          311          
4.692801e+02          310          
469          3.095847e+02          
4.685828e+02          309          
468          3.082632e+02          
4.677775e+02          308          
467          3.071595e+02          
4.668405e+02          307          
466          3.062225e+02          
4.657368e+02          306          
465          3.054172e+02          
4.644153e+02          305          
464          3.047199e+02          
4.634648e+02          304          
463          3.033986e+02          
4.626878e+02          303          
462          3.021520e+02          
4.618749e+02          302          
4.610266e+02          301          
461          3.009694e+02          
4.601440e+02          300          
460          2.998413e+02          
4.592214e+02          299          
459          2.987668e+02          
4.582563e+02          298          
458          2.977418e+02          
4.572456e+02          297          
457          2.967637e+02          
4.561846e+02          296          
456          2.958306e+02          
4.550672e+02          295          
455          2.949413e+02          
454          2.940919e+02          
4.538882e+02          294          
4.532801e+02          293          
453          2.925847e+02          
4.525828e+02          292          
452          2.912632e+02          
4.517775e+02          291          
451          2.901595e+02          
4.508405e+02          290          
450          2.892225e+02          
4.497368e+02          289          
449          2.884172e+02          
4.484153e+02          288          
448          2.877199e+02          
447          2.871118e+02          
4.467986e+02          287          
446          2.865744e+02          
445          2.861036e+02          
4.447591e+02          286          
444          2.856824e+02          
443          2.853095e+02          
4.420620e+02          285          
442          2.849799e+02          
441          2.846790e+02          
440          2.844123e+02          
439          2.841753e+02          
4.381743e+02          284          
438          2.839629e+02          
437          2.837677e+02          
436          2.835936e+02          
435          2.834382e+02          
434          2.832994e+02          
433          2.831755e+02          
432          2.831755e+02          
431          2.832994e+02          
430          2.834382e+02          
429          2.835936e+02          
428          2.837677e+02          
427          2.839629e+02          
4.268257e+02          284          
426          2.841753e+02          
425          2.844123e+02          
424          2.846790e+02          
423          2.849799e+02          
4.229380e+02          285          
422          2.853095e+02          
421          2.856824e+02          
4.202409e+02          286          
420          2.861036e+02          
419          2.865744e+02          
4.182014e+02          287          
418          2.871118e+02          
417          2.877199e+02          
4.165847e+02          288          
416          2.884172e+02          
4.152632e+02          289          
415          2.892225e+02          
4.141595e+02          290          
414          2.901595e+02          
4.132225e+02          291          
413          2.912632e+02          
4.124172e+02          292          
412          2.925847e+02          
4.117199e+02          293          
4.111118e+02          294          
411          2.940919e+02          
410          2.949413e+02          
4.099328e+02          295          
409          2.958306e+02          
4.088154e+02          296          
408          2.967637e+02          
4.077544e+02          297          
407          2.977418e+02          
4.067437e+02          298          
406          2.987668e+02          
4.057786e+02          299          
405          2.998413e+02          
4.048560e+02          300          
404          3.009694e+02          
4.039734e+02          301          
4.031251e+02          302          
403          3.021520e+02          
4.023122e+02          303          
402          3.033986e+02          
4.015352e+02          304          
401          3.047199e+02          
4.005847e+02          305          
400          3.054172e+02          
3.992632e+02          306          
399          3.062225e+02          
3.981595e+02          307          
398          3.071595e+02          
3.972225e+02          308          
397          3.082632e+02          
3.964172e+02          309          
396          3.095847e+02          
3.957199e+02          310          
3.954711e+02          311          
3.952635e+02          312          
3.950942e+02          313          
395          3.137055e+02          
3.949603e+02          314          
3.948596e+02          315          
3.947931e+02          316          
3.947601e+02          317          
3.947601e+02          318          
3.947931e+02          319          
3.948596e+02          320          
3.949603e+02          321          
395          3.212945e+02          
3.950942e+02          322          
3.952635e+02          323          
3.954711e+02          324          
3.957199e+02          325          
396          3.254153e+02          
3.964172e+02          326          
397          3.267368e+02          
3.972225e+02          327          
398          3.278405e+02          
3.981595e+02          328          
399          3.287775e+02          
3.992632e+02          329          
400          3.295828e+02          
4.005847e+02          330          
401          3.302801e+02          
4.015498e+02          331          
402          3.315659e+02          
4.023511e+02          332          
403          3.327733e+02          
4.031937e+02          333          
404          3.339128e+02          
4.040787e+02          334          
405          3.349920e+02          
4.050076e+02          335          
4.059824e+02          336          
406          3.360176e+02          
407          3.369924e+02          
4.070080e+02          337          
408          3.379213e+02          
4.080872e+02          338          
409          3.388063e+02          
4.092267e+02          339          
410          3.396489e+02          
4.104341e+02          340          
411          3.404502e+02          
4.117199e+02          341          
412          3.414153e+02          
4.124172e+02          342          
413          3.427368e+02          
4.132225e+02          343          
414          3.438405e+02          
4.141595e+02          344          
415          3.447775e+02          
4.152632e+02          345          
416          3.455828e+02          
4.165847e+02          346          
417          3.462801e+02          
418          3.468882e+02          
4.182014e+02          347          
419          3.474256e+02          
420          3.478964e+02          
4.202409e+02          348          
421          3.483176e+02          
422          3.486905e+02          
4.229380e+02          349          
423          3.490201e+02          
424          3.493210e+02          
425          3.495877e+02          
426          3.498247e+02          
4.268257e+02          350          
427          3.500371e+02          
428          3.502323e+02          
429          3.504064e+02          
430          3.505618e+02          
431          3.507006e+02          
432          3.508245e+02          
433          3.508245e+02          
434          3.507006e+02          
435          3.505618e+02          
436          3.504064e+02          
437          3.502323e+02          
438          3.500371e+02          
4.381743e+02          350          
439          3.498247e+02          
440          3.495877e+02          
441          3.493210e+02          
442          3.490201e+02          
4.420620e+02          349          
443          3.486905e+02          
444          3.483176e+02          
4.447591e+02          348          
445          3.478964e+02          
446          3.474256e+02          
4.467986e+02          347          
447          3.468882e+02          
448          3.462801e+02          
4.484153e+02          346          
449          3.455828e+02          
4.497368e+02          345          
450          3.447775e+02          
4.508405e+02          344          
451          3.438405e+02          
4.517775e+02          343          
452          3.427368e+02          
4.525828e+02          342          
453          3.414153e+02          
4.532801e+02          341          
454          3.404502e+02          
4.545659e+02          340          
455          3.396489e+02          
4.557733e+02          339          
456          3.388063e+02          
4.569128e+02          338          
457          3.379213e+02          
4.579920e+02          337          
458          3.369924e+02          
459          3.360176e+02          
4.590176e+02          336          
4.599924e+02          335          
460          3.349920e+02          
4.609213e+02          334          
461          3.339128e+02          
4.618063e+02          333          
462          3.327733e+02          
4.626489e+02          332          
463          3.315659e+02          
4.634502e+02          331          
464          3.302801e+02          
4.644153e+02          330          
465          3.295828e+02          
4.657368e+02          329          
466          3.287775e+02          
4.668405e+02          328          
467          3.278405e+02          
4.677775e+02          327          
468          3.267368e+02          
4.685828e+02          326          
469          3.254153e+02          
4.692801e+02          325          
4.695289e+02          324          
4.697365e+02          323          
4.699058e+02          322          
470          3.212945e+02          
