5.000000e-001          193          
2.517555e+001          1          
2.517555e+001          2          
25          2.234549e+000          
2.440517e+001          3          
24          3.555292e+000          
2.366371e+001          4          
23          4.930089e+000          
2.294840e+001          5          
2.224669e+001          6          
22          6.368319e+000          
2.156438e+001          7          
21          7.856524e+000          
2.090286e+001          8          
2.025178e+001          9          
20          9.401980e+000          
1.961676e+001          10          
1.900210e+001          11          
19          1.100352e+001          
18          1.174764e+001          
1.769181e+001          12          
17          1.261868e+001          
1.660741e+001          13          
16          1.364763e+001          
1.558730e+001          14          
15          1.454118e+001          
1.454118e+001          15          
14          1.558730e+001          
1.364763e+001          16          
13          1.660741e+001          
1.261868e+001          17          
12          1.769181e+001          
1.174764e+001          18          
1.144324e+001          19          
1.118911e+001          20          
11          2.091155e+001          
1.098226e+001          21          
1.082177e+001          22          
1.070310e+001          23          
1.062479e+001          24          
1.058587e+001          25          
1.058587e+001          26          
1.062479e+001          27          
1.070310e+001          28          
1.082177e+001          29          
1.098226e+001          30          
11          3.008845e+001          
1.118911e+001          31          
1.144324e+001          32          
1.174764e+001          33          
12          3.330819e+001          
1.261868e+001          34          
13          3.439259e+001          
1.364763e+001          35          
14          3.530794e+001          
1.487488e+001          36          
15          3.609321e+001          
16          3.677751e+001          
1.626315e+001          37          
17          3.758279e+001          
1.758471e+001          38          
18          3.828014e+001          
19          3.888820e+001          
1.920136e+001          39          
20          3.942560e+001          
21          3.989637e+001          
2.124094e+001          40          
22          4.031760e+001          
23          4.069054e+001          
2.393802e+001          41          
24          4.102014e+001          
25          4.132097e+001          
26          4.158773e+001          
27          4.182475e+001          
2.782572e+001          42          
28          4.203707e+001          
29          4.223228e+001          
30          4.240640e+001          
31          4.256182e+001          
32          4.270057e+001          
33          4.282445e+001          
34          4.282445e+001          
35          4.282445e+001          
3.539437e+001          43          
36          4.328044e+001          
37          4.377204e+001          
3.743859e+001          44          
38          4.430283e+001          
39          4.486815e+001          
3.922315e+001          45          
40          4.547450e+001          
4.083268e+001          46          
41          4.610893e+001          
42          4.677865e+001          
4.232339e+001          47          
43          4.747488e+001          
4.373971e+001          48          
44          4.818887e+001          
45          4.891819e+001          
4.511180e+001          49          
4.571986e+001          50          
46          5.041529e+001          
4.641721e+001          51          
47          5.173685e+001          
4.722249e+001          52          
48          5.284051e+001          
4.815949e+001          53          
49          5.377751e+001          
4.926315e+001          54          
50          5.458279e+001          
5.058471e+001          55          
51          5.528014e+001          
52          5.588820e+001          
5.251889e+001          56          
53          5.610351e+001          
54          5.628365e+001          
55          5.642811e+001          
56          5.653868e+001          
57          5.661671e+001          
58          5.666316e+001          
59          5.667858e+001          
60          5.666316e+001          
61          5.661671e+001          
62          5.653868e+001          
63          5.642811e+001          
64          5.628365e+001          
65          5.610351e+001          
6.548111e+001          56          
66          5.588820e+001          
67          5.528014e+001          
6.741529e+001          55          
68          5.458279e+001          
6.873685e+001          54          
69          5.377751e+001          
6.984051e+001          53          
70          5.284051e+001          
7.077751e+001          52          
71          5.173685e+001          
7.158279e+001          51          
72          5.041529e+001          
7.228014e+001          50          
7.288820e+001          49          
73          4.879864e+001          
7.342560e+001          48          
7.389637e+001          47          
74          4.675906e+001          
7.431760e+001          46          
7.469054e+001          45          
75          4.406198e+001          
7.502014e+001          44          
7.532097e+001          43          
7.558773e+001          42          
7.582475e+001          41          
76          4.017428e+001          
7.603707e+001          40          
7.623228e+001          39          
7.640640e+001          38          
7.656182e+001          37          
7.670057e+001          36          
7.682445e+001          35          
7.682445e+001          34          
7.682445e+001          33          
7.682445e+001          32          
7.682445e+001          31          
7.682445e+001          30          
7.682445e+001          29          
7.682445e+001          28          
7.682445e+001          27          
7.682445e+001          26          
7.682445e+001          25          
7.682445e+001          24          
7.682445e+001          23          
7.682445e+001          22          
7.682445e+001          21          
7.682445e+001          20          
7.682445e+001          19          
7.682445e+001          18          
7.682445e+001          17          
7.682445e+001          16          
7.682445e+001          15          
7.682445e+001          14          
7.682445e+001          13          
7.682445e+001          12          
7.682445e+001          11          
7.682445e+001          10          
7.682445e+001          9          
7.682445e+001          8          
7.682445e+001          7          
7.682445e+001          6          
7.682445e+001          5          
7.682445e+001          4          
7.682445e+001          3          
7.682445e+001          2          
7.682445e+001          1          
